$ANSIBLE_VAULT;1.1;AES256
33623232303362393864373865636261633438333936666538306530653064353961656330333132
6534373535643465663732316538636363386664633838300a343730386439313133363438366365
39653363306335656637356335366232396436636462363862373637343737393839323433613233
3962383263336635300a376237323036613038633132656334306633393466343762613163363161
63306335646533356465653964636430643862396164653035313038333138373162633263346533
63356165373465613761333131343865613635653130353263646635326531323638646462623561
34653062346666373066373431353763356439356337653964383065636532313165366338326235
64336563333433303463663633646434643130616165653964376565366233353663613732643133
32356465306635633131646437376562623362633530386333636433626139333130323438616435
36643964613739343438663962346636313333643838383532356634373936653135346563613635
34383038333562313764633533366136633332636662396338666163663431666332623966336562
32346439373037393132393166633933613761363937633531636639356566303165303561326564
33626462353566376132383836616262643563326331336364396665383034353566383333643134
66373835363036663238373630643233633463623932643133646565623938653365363634616362
37306637636631633231633138383135633861363230626464383030383334613864333561323838
34306463633531396337326236376662376331336162333561643765623366633665633033386436
65616137626435626230323665383764376561373632383736363034373862663034643231313161
30306464393632616663643133383039633662663234663461353235303433663034646231363130
62363832636433376161666164316439643965393537323066343332633037663262393439636630
63646461343834373861646637633062313534366433356263363631383331393063393863366239
35306561343031623135623665333738353236396365646566396362356164613239313066333361
61616138393739643736303233656166623338343337326435333437663239646231353933343130
613263363138613464376439356639333865
